CALSPHERE 1             
1 00900U 64063C   20308.24337916  .00000285  00000-0  29588-3 0  9996
2 00900  90.1615  30.6574 0026355   3.4829  78.9642 13.73434815789509
CALSPHERE 2             
1 00902U 64063E   20308.81410626  .00000053  00000-0  65845-4 0  9991
2 00902  90.1738  33.3791 0020058  65.2816  62.5503 13.52687965579385
LCS 1                   
1 01361U 65034C   20308.29013900  .00000012  00000-0  41588-3 0  9998
2 01361  32.1465   8.9012 0007291 291.3269  68.6450  9.89297898  6683
TEMPSAT 1               
1 01512U 65065E   20308.25908119  .00000040  00000-0  63499-4 0  9998
2 01512  89.8862 224.4725 0067984 250.2550 263.8060 13.33430887686589
CALSPHERE 4A            
1 01520U 65065H   20308.24381613  .00000041  00000-0  61446-4 0  9991
2 01520  90.0218 129.5504 0071266 129.7002  44.8759 13.35825217688724
OPS 5712 (P/L 160)      
1 02826U 67053A   20308.22620356  .00000702  00000-0  20012-3 0  9995
2 02826  69.9282 234.1621 0001861 111.3261 248.8071 14.49227961767045
LES-5                   
1 02866U 67066E   20308.10650226 -.00000096  00000-0  00000-0 0  9998
2 02866   2.5584 270.0211 0056749   0.8191 224.8328  1.09425909108570
SURCAL 159              
1 02872U 67053F   20308.50440828 -.00000018  00000-0  24507-4 0  9996
2 02872  69.9734  95.3102 0009638 271.9263  88.0740 13.98831200723649
OPS 5712 (P/L 153)      
1 02874U 67053H   20308.10003681  .00000017  00000-0  50995-4 0  9994
2 02874  69.9741 191.7208 0009004 321.9498  38.0971 13.96356411720754
SURCAL 150B             
1 02909U 67053J   20308.45741990  .00000989  00000-0  21075-3 0  9997
2 02909  69.9475 250.7359 0003921 217.8914 142.1950 14.61945534777690
RIGIDSPHERE 2 (LCS 4)   
1 05398U 71067E   20308.46580487  .00000193  00000-0  61395-4 0  9992
2 05398  87.6306 185.9714 0063419 172.6720 187.5420 14.33924288579798
OSCAR 7 (AO-7)          
1 07530U 74089B   20308.16300953 -.00000049  00000-0 -20132-4 0  9990
2 07530 101.8205 277.2200 0012482  96.2985 275.4412 12.53645854103372
STARLETTE               
1 07646U 75010A   20308.24504643 -.00000144  00000-0  70354-6 0  9992
2 07646  49.8232 283.6687 0205672 124.6292 237.4182 13.82308103310708
LAGEOS 1                
1 08820U 76039A   20308.17135946  .00000001  00000-0  00000-0 0  9993
2 08820 109.8126 196.4464 0044710  20.7469 134.2359  6.38664785782406
UOSAT 2 (UO-11)         
1 14781U 84021B   20308.06260143  .00000157  00000-0  25289-4 0  9994
2 14781  97.5903 313.1427 0009935 103.6620 256.5701 14.83205571973372
AJISAI (EGS)            
1 16908U 86061A   20308.27532707 -.00000088  00000-0  65599-4 0  9996
2 16908  50.0109 336.8313 0011325 357.6796  85.4532 12.44492614225028
TDRS 3                  
1 19548U 88091B   20308.16572050 -.00000290  00000-0  00000-0 0  9994
2 19548  14.1026 356.1940 0036861 317.9997  99.2729  1.00264886104794
COSMOS 1989 (ETALON 1)  
1 19751U 89001C   20308.71165039  .00000077  00000-0  00000+0 0  9999
2 19751  64.1994 142.6893 0022853 211.0474 171.1154  2.13156389247719
COSMOS 2024 (ETALON 2)  
1 20026U 89039C   20308.61987123 -.00000059  00000-0  00000+0 0  9993
2 20026  65.5143  20.4126 0018351 220.4991 262.5648  2.13204375244758
FLTSATCOM 8 (USA 46)    
1 20253U 89077A   20308.06309808 -.00000070  00000-0  00000+0 0  9997
2 20253  13.0069   4.4415 0001694 179.5776 313.4663  1.00274305240030
LUSAT (LO-19)           
1 20442U 90005G   20308.11590619  .00000008  00000-0  19251-4 0  9991
2 20442  98.7087 255.9303 0012806 105.2225 255.0375 14.32965178608416
HST                     
1 20580U 90037B   20308.53205976  .00000606  00000-0  25819-4 0  9995
2 20580  28.4689 119.7406 0002745 146.1885 251.8013 15.09464682477084
SKYNET 4C               
1 20776U 90079A   20308.01437520  .00000135  00000-0  00000-0 0  9991
2 20776  13.9462   4.7355 0003231 221.5786 215.0178  1.00267124110316
TDRS 5                  
1 21639U 91054B   20308.50658994  .00000094  00000-0  00000+0 0  9991
2 21639  14.3189   9.4913 0022235  11.6425  36.8609  1.00268889107134
GEOTAIL                 
1 22049U 92044A   20308.26349762 -.00001354  00000-0  00000-0 0  9992
2 22049  34.2201  45.4394 5499004 174.6747   0.2039  0.19208567 11810